10
239
66
3
41
111
78
1
33
351
85
4
11
118
3
39
1
450
11
40
10
515690152
1739096025
0
515690152
2048641730
307873469
6
201400916
133741211
462032123
0
133741211
832526063
955202200
0
832526063
50053793022699887440966323214826001619582336581828389915994205066207691057911473446121787849598266115484330491509178340165757755552853588250826282884158652478931879431378583018549780419722778716042069195693655163073709082519346873777837940138611432599320387573403301635859632523160990619665398288527981887535043519863935819584871420097975347402362665242191932208833935878900936842902701673865823130824952368602492639985156973077629079791597371125324130351095190326456985313037512246640841271795008075063331469807008957952966135010467689937010704394560947500371398805105954176114599240735157709934238366442948781446463623002540742403882797517304255247157954320235944003577422952561490372053333696084209359665348268760119099214062119921529560613758066372784491331540529778362127650701352278763523179805279683052166018146066676190990700955868847260232731971793108004776895228051129002900144235591704473195111859284066866147975086236980257388894538674338971216681550586850849
409112493111341079707430439168053228103549530951585140352815163083881743608535448761954955979150972113442957919171265201406193215367193040167153287904109737949711652093577179811731351694075029412997887110192574196168706813887436925351831707350673371181827822160999922160910020956251456981804633206709567569814766921932049449200310550384931183819435808872435803986486715650951746475949516657559496168999102254430732167262186385267379203177119160081869557884151062226308316426155416311651183030208713593490703633381383966906017331288875586985263344055370564151738151529273927655900579172702407776496709565741672657587507532996052713392348067167670113446939654829838649423097249047266569975514106492327833051019272518347567299041666652588093
122347261121350335513876009295110122598972613521024453887870447895022473228445703916766254808445509646301415535585068690434342220480571163570646198693423811743204862037356372522296566993544506100009068216658432062960530066249676483880
331471633327856690703059407637022344679760129893355765646662870814000812536759626972759668351123591855126915310478039381756461566220752381799681882929400144574318372813405214331661880475365984192637403649633189829444973492948589157770216123451374558004546229400416668404231580680245979640731087776570291590402070063506715521104437726668959499178267369475039834489654497020740850502323019038004879633589927553976520590811430506320877789043877947468729703672918253583104461983449265797376310436380948569070461311399587381701782026452932402311099249350457132536220439364782970997585249817808798456583819715424592947151493265324833616383407892382961050155596730250969064313058865653750523218243913013719631872123630499741107679298988392410009
