20
10298978985074197062009078973
9446563307026516109207795922
8793050670747904487564582449
4298497952034599226310188593
11016955373385121124498405865
6300008101202474008549360329
15272574442495303715056887074
4376731180208017377818908503
17993275354980736038153527161
13927037966899001298849342974
5127237733951618891751731804
3882685915215167125532891905
10212890354771947872030044337
15854043568825087677950570336
14502879056175500735529025487
10099515961585365769104812929
11270014126598113999060685660
1422728130551337047185836851
14000802622633510316747890035
12886761369914274447821711405
10017107229274809111046002194
17645604450452051664483896276
10994303232831207637855204216
8917463119693858296180423184
18340109266167191951483000217
10863235841890428190192322730
18471500019308211490730899316
13091810034601392777452635085
19254310081433730128559630974
10354623865273703030095984183
17025097217508839125891569374
14973030700987169572153143526
986587323974672391228871684
15100318322059890226765667951
6705113948752205088339743178
4316531580311757748632149464
7971022987519003969535675508
16529235501268653491903966328
10228893929050186998935303915
2172419728573540211826051876
4946401341094620326896655756
10809937110835936971427444110
408945952380415381423748264
299395960178608923095103928
19796744375447158599200082082
9948308012769829009122256812
18832692866858270882181934165
14832876595420636000564956276
19070506760376776303696838202
17977493824160912153121045302
2893668911221394336694195085
1919696770433443002209557664
19058611229886892109662137390
351203382231823457965505429
3086596111801041384897357748
2966857555926817615721273716
18553518504657805184113166149
1040617597558894709682106702
12605909549754872670938809765
2893891742413713485619611281
17438646250501571509712989705
14367151390492403749003692725
16947583989687739553154765567
6324239327634257575199628349
13017377863803066912176377352
5037246907078133293788599028
10000636823244296616518047120
1158915976117492132155418896
1575020972412625211060541612
4735671805775362659700800762
19672593249932051184288165039
17789871652972174276799267730
4760756629150740667172650276
10851709522983179292833176128
18898980061095525438495539869
9517126337004361962489149297
11574994072581777721056741204
10030368049410448733269534181
11006730398485296141167420508
10868158315678861365191400516
